a
01100
10010
11110
10010
10010

b
11100
10010
11100
10010
11100

c
00110
01000
01000
01000
00110

d
11100
10010
10010
10010
11100

e
01110
01000
01100
01000
01110

f
11100
10000
11000
10000
10000

g
01110
10000
10110
10010
01100

h
10010
10010
11110
10010
10010

i
01110
00100
00100
00100
01110

j
11110
00010
00010
10010
01100

k
01010
01010
01100
01010
01010

l
01000
01000
01000
01000
01110

m
10001
11011
10101
10001
10001

n
10001
11001
10101
10011
10001

o
01100
10010
10010
10010
01100

p
11100
10010
11100
10000
10000

q
01100
10010
10010
10110
01110

r
11100
10010
11100
10100
10010

s
01110
10000
01100
00010
11100

t
01110
00100
00100
00100
00100

u
10010
10010
10010
10010
01100

v
01010
01010
01010
01010
00100

w
10001
10001
10101
10101
01010

x
01010
01010
00100
01010
01010

y
01010
01010
00100
00100
00100

z
01110
00010
00100
01000
01110

´
00100
01000
00000
00000
00000

`
01000
00100
00000
00000
00000

^
01100
10010
00000
00000
00000

1
00100
01100
00100
00100
01110

2
01100
10010
00100
01000
11110

3
01100
10010
00100
10010
01100

4
10000
10100
11110
00100
00100

5
11110
10000
11100
00010
11100

6
01100
10000
11100
10010
01100

7
11110
00010
00100
01000
01000

8
01100
10010
01100
10010
01100

9
01100
10010
01110
00010
00010

0
01100
10110
10110
11010
01100

[
00110
00100
00100
00100
00110

]
01100
00100
00100
00100
01100

(
00010
00100
00100
00100
00010

)
01000
00100
00100
00100
01000

\
01000
01000
01000
00100
00100

/
00010
00010
00010
00100
00100

<
00000
00010
00100
00010
00000

>
00000
01000
00100
01000
00000

-
00000
00000
01110
00000
00000

*
01010
00100
01010
00000
00000

+
00000
00100
01110
00100
00000

π
00000
11111
01010
01010
10010

:
00000
00100
00000
00100
00000

=
00000
01110
00000
01110
00000

.
00000
00000
00000
00000
01000

!
01000
01000
01000
00000
01000

?
01100
10010
00100
00000
00100

{
00010
00100
01100
00100
00010

}
01000
00100
00110
00100
01000

#
01010
11111
01010
11111
01010

"
01010
01010
00000
00000
00000

%
01010
00010
00100
01000
01010

'
00100
00100
00000
00000
00000

;
00000
00100
00000
00100
00100

&
01110
10000
01010
10100
01010

$
01111
10100
01110
00101
11110

@
01110
10001
10111
10000
01111

←
0000
0100
1111
0100
0000

↑
010
111
010
010
000

→
0000
0010
1111
0010
0000

↓
000
010
010
111
010

√
00000
00001
00010
10100
01000

✕
10001
01010
00100
01010
10001

In case you want to preview them, replace 1 with the dark and 0 with the light or the other way around
0 1